0
0
0
0
0
0
0
0
16384
0
0
0
0
0
0
0
0
0
0
0
0
0
0
0
5.2669e-12
0
0
0
0
0
0
0
0
0
0
0
0
0
0
0
6.00409e-13
0
0
0
0
0
0
0
0
0
0
0
0
0
0
0
2.65832e-11
0
0
0
0
0
0
0
0
0
0
0
0
0
0
0
3.19833e-12
0
0
0
0
0
0
0
0
0
0
0
0
0
0
0
5.40368e-12
0
0
0
0
0
0
0
0
0
0
0
0
0
0
0
1.01696e-11
0
0
0
0
0
0
0
0
0
0
0
0
0
0
0
1.15108e-12
0
0
0
0
0
0
0
0
0
0
0
0
0
0
0
2.28262e-13
0
0
0
0
0
0
0
0
0
0
0
0
0
0
0
8.54428e-13
0
0
0
0
0
0
0
0
0
0
0
0
0
0
0
7.10543e-15
0
0
0
0
0
0
0
0
0
0
0
0
0
0
0
5.54401e-12
0
0
0
0
0
0
0
0
0
0
0
0
0
0
0
1.5099e-14
0
0
0
0
0
0
0
0
0
0
0
0
0
0
0
1.71951e-12
0
0
0
0
0
0
0
0
0
0
0
0
0
0
0
1.08358e-13
0
0
0
0
0
0
0
0
0
0
0
0
0
0
0
16384
0
0
0
0
0
0
0
