5.55112e-17
0.0380602
0.146447
0.308658
0.5
0.691342
0.853553
0.96194
1
0.96194
0.853553
0.691342
0.5
0.308658
0.146447
0.0380602
5.55112e-17
0.0380602
0.146447
0.308658
0.5
0.691342
0.853553
0.96194
1
0.96194
0.853553
0.691342
0.5
0.308658
0.146447
0.0380602
5.55112e-17
0.0380602
0.146447
0.308658
0.5
0.691342
0.853553
0.96194
1
0.96194
0.853553
0.691342
0.5
0.308658
0.146447
0.0380602
5.55112e-17
0.0380602
0.146447
0.308658
0.5
0.691342
0.853553
0.96194
1
0.96194
0.853553
0.691342
0.5
0.308658
0.146447
0.0380602
5.55112e-17
0.0380602
0.146447
0.308658
0.5
0.691342
0.853553
0.96194
1
0.96194
0.853553
0.691342
0.5
0.308658
0.146447
0.0380602
5.55112e-17
0.0380602
0.146447
0.308658
0.5
0.691342
0.853553
0.96194
1
0.96194
0.853553
0.691342
0.5
0.308658
0.146447
0.0380602
5.55112e-17
0.0380602
0.146447
0.308658
0.5
0.691342
0.853553
0.96194
1
0.96194
0.853553
0.691342
0.5
0.308658
0.146447
0.0380602
5.55112e-17
0.0380602
0.146447
0.308658
0.5
0.691342
0.853553
0.96194
1
0.96194
0.853553
0.691342
0.5
0.308658
0.146447
0.0380602
5.55112e-17
0.0380602
0.146447
0.308658
0.5
0.691342
0.853553
0.96194
1
0.96194
0.853553
0.691342
0.5
0.308658
0.146447
0.0380602
5.55112e-17
0.0380602
0.146447
0.308658
0.5
0.691342
0.853553
0.96194
1
0.96194
0.853553
0.691342
0.5
0.308658
0.146447
0.0380602
5.55112e-17
0.0380602
0.146447
0.308658
0.5
0.691342
0.853553
0.96194
1
0.96194
0.853553
0.691342
0.5
0.308658
0.146447
0.0380602
5.55112e-17
0.0380602
0.146447
0.308658
0.5
0.691342
0.853553
0.96194
1
0.96194
0.853553
0.691342
0.5
0.308658
0.146447
0.0380602
5.55112e-17
0.0380602
0.146447
0.308658
0.5
0.691342
0.853553
0.96194
1
0.96194
0.853553
0.691342
0.5
0.308658
0.146447
0.0380602
5.55112e-17
0.0380602
0.146447
0.308658
0.5
0.691342
0.853553
0.96194
1
0.96194
0.853553
0.691342
0.5
0.308658
0.146447
0.0380602
5.55112e-17
0.0380602
0.146447
0.308658
0.5
0.691342
0.853553
0.96194
1
0.96194
0.853553
0.691342
0.5
0.308658
0.146447
0.0380602
5.55112e-17
0.0380602
0.146447
0.308658
0.5
0.691342
0.853553
0.96194
1
0.96194
0.853553
0.691342
0.5
0.308658
0.146447
0.0380602
