3.77476e-15
8.63754e-14
6.43929e-14
8.88178e-14
2.77556e-14
1.77636e-15
1.15463e-14
9.10383e-15
6.43929e-15
1.11022e-15
7.10543e-15
1.11022e-15
2.5091e-14
1.11022e-15
4.28546e-14
9.99201e-15
2.70894e-14
1.08358e-13
4.92495e-13
1.24922e-12
4.29212e-12
1.60683e-11
6.19134e-11
2.11529e-10
7.37198e-10
2.45516e-09
7.97083e-09
2.49622e-08
7.60226e-08
2.24687e-07
6.44919e-07
1.79547e-06
4.85034e-06
1.27162e-05
3.23487e-05
7.98519e-05
0.000191258
0.000444514
0.00100246
0.00219365
0.00465787
0.0095968
0.019186
0.0372188
0.0700581
0.12796
0.226782
0.389999
0.650784
1.05373
1.65555
2.5239
3.73356
5.35911
7.46416
10.0876
13.2287
16.833
20.7839
24.9008
28.9479
32.6543
35.7423
37.9616
39.1223
39.1223
37.9616
35.7423
32.6543
28.9479
24.9008
20.784
16.833
13.2287
10.0876
7.46416
5.35911
3.73356
2.5239
1.65555
1.05373
0.650784
0.389999
0.226782
0.12796
0.070058
0.0372187
0.019186
0.00959678
0.00465785
0.00219365
0.00100245
0.000444512
0.000191257
7.98498e-05
3.23472e-05
1.27157e-05
4.85001e-06
1.79512e-06
6.44633e-07
2.2473e-07
7.60479e-08
2.49528e-08
7.94966e-09
2.44344e-09
7.35618e-10
2.11145e-10
6.00517e-11
1.57219e-11
4.35763e-12
9.72777e-13
2.42695e-13
7.28306e-14
4.70735e-14
1.77636e-15
1.44329e-14
2.22045e-14
3.95239e-14
1.5099e-14
8.10463e-14
1.08802e-14
3.84137e-14
2.88658e-15
3.04201e-14
6.43929e-15
1.42109e-14
1.77636e-15
1.88738e-14
