4.90212e-143
1.76091e-142
6.30967e-142
2.25522e-141
8.04056e-141
2.85955e-140
1.01443e-139
3.58973e-139
1.26712e-138
4.46153e-138
1.56699e-137
5.48989e-137
1.91856e-136
6.68805e-136
2.32562e-135
8.06664e-135
2.79101e-134
9.63259e-134
3.31619e-133
1.13881e-132
3.901e-132
1.33295e-131
4.54327e-131
1.54467e-130
5.23864e-130
1.77221e-129
5.98034e-129
2.01303e-128
6.75911e-128
2.26383e-127
7.56329e-127
2.52054e-126
8.37894e-126
2.77843e-125
9.19019e-125
3.03224e-124
9.97969e-124
3.27631e-123
1.07292e-122
3.50479e-122
1.14202e-121
3.71191e-121
1.20347e-120
3.89215e-120
1.25562e-119
4.04053e-119
1.29698e-118
4.15283e-118
1.32638e-117
4.22579e-117
1.34295e-116
4.25724e-116
1.3462e-115
4.24625e-115
1.33603e-114
4.19314e-114
1.31274e-113
4.0995e-113
1.27702e-112
3.96807e-112
1.22992e-111
3.80264e-111
1.17276e-110
3.60784e-110
1.10713e-109
3.38897e-109
1.03478e-108
3.15169e-108
9.57533e-108
2.90187e-107
8.77235e-107
2.64526e-106
7.95674e-106
2.38735e-105
7.14516e-105
2.13315e-104
6.35251e-104
1.88705e-103
5.5916e-103
1.65273e-102
4.87285e-102
1.43311e-101
4.20424e-101
1.2303e-100
3.59128e-100
1.04569e-99
3.03716e-99
8.79932e-99
2.54299e-98
7.33083e-98
2.10803e-97
6.04665e-97
1.73008e-96
4.9378e-96
1.40577e-95
3.99217e-95
1.13088e-94
3.19552e-94
9.00697e-94
2.53239e-93
7.10226e-93
1.98691e-92
5.54462e-92
1.54341e-91
4.28553e-91
1.18698e-90
3.27939e-90
9.03773e-90
2.4845e-89
6.81294e-89
1.86356e-88
5.08471e-88
1.3839e-87
3.75712e-87
1.01747e-86
2.74853e-86
7.4062e-86
1.99069e-85
5.33737e-85
1.42746e-84
3.80817e-84
1.0134e-83
2.69006e-83
7.12288e-83
1.88133e-82
4.95664e-82
1.30264e-81
3.41488e-81
8.92979e-81
2.32928e-80
6.06059e-80
1.57298e-79
4.07236e-79
1.05168e-78
2.70916e-78
6.96145e-78
1.78435e-77
4.56219e-77
1.16354e-76
2.96008e-76
7.51174e-76
1.90148e-75
4.80128e-75
1.20931e-74
3.0383e-74
7.61444e-74
1.90353e-73
4.74676e-73
1.18072e-72
2.92963e-72
7.25091e-72
1.79014e-71
4.40853e-71
1.08297e-70
2.6537e-70
6.48639e-70
1.5815e-69
3.84634e-69
9.33127e-69
2.25813e-68
5.45093e-68
1.31252e-67
3.15252e-67
7.55305e-67
1.8051e-66
4.30323e-66
1.0233e-65
2.4273e-65
5.74328e-65
1.35553e-64
3.19136e-64
7.4947e-64
1.75569e-63
4.10256e-63
9.56261e-63
2.22337e-62
5.15659e-62
1.19296e-61
2.753e-61
6.33722e-61
1.45515e-60
3.33294e-60
7.61489e-60
1.73546e-59
3.94528e-59
8.94657e-59
2.02372e-58
4.56622e-58
1.02773e-57
2.30735e-57
5.1673e-57
1.15432e-56
2.57221e-56
5.71741e-56
1.26767e-55
2.80367e-55
6.18533e-55
1.36117e-54
2.98797e-54
6.54267e-54
1.42905e-53
3.11354e-53
6.76668e-53
1.46693e-52
3.1722e-52
6.84265e-52
1.47232e-51
3.16006e-51
6.76552e-51
1.44485e-50
3.07792e-50
6.54044e-50
1.38634e-49
2.93122e-49
6.18217e-49
1.30061e-48
2.72941e-48
5.71352e-48
1.19303e-47
2.48494e-47
5.1629e-47
1.07001e-46
2.21204e-46
4.56156e-46
9.38314e-46
1.92529e-45
3.94058e-45
8.04523e-45
1.63844e-44
3.32841e-44
6.74461e-44
1.3633e-43
2.74879e-43
5.52846e-43
1.10913e-42
2.21959e-42
4.43077e-42
8.82266e-42
1.7524e-41
3.47203e-41
6.86193e-41
1.35277e-40
2.66021e-40
5.21821e-40
1.02104e-39
1.99286e-39
3.87994e-39
7.53507e-39
1.4597e-38
2.8207e-38
5.43703e-38
1.0454e-37
2.00501e-37
3.83588e-37
7.32028e-37
1.39349e-36
2.64604e-36
5.01189e-36
9.46938e-36
1.78466e-35
3.35509e-35
6.29168e-35
1.17691e-34
2.19601e-34
4.08733e-34
7.58857e-34
1.40538e-33
2.59622e-33
4.78415e-33
8.7939e-33
1.6124e-32
2.94902e-32
5.38019e-32
9.79109e-32
1.77738e-31
3.21841e-31
5.81324e-31
1.04739e-30
1.88241e-30
3.37469e-30
6.03486e-30
1.0765e-29
1.91548e-29
3.3998e-29
6.01928e-29
1.06304e-28
1.8727e-28
3.29081e-28
5.76833e-28
1.00858e-27
1.75909e-27
3.06041e-27
5.31109e-27
9.19397e-27
1.58758e-26
2.73454e-26
4.69835e-26
8.05234e-26
1.37661e-25
2.34756e-25
3.99334e-25
6.77593e-25
1.14688e-24
1.93633e-24
3.26103e-24
5.47829e-24
9.18014e-24
1.5345e-23
2.55859e-23
4.25548e-23
7.06009e-23
1.16838e-22
1.92875e-22
3.176e-22
5.21674e-22
8.54736e-22
1.39694e-21
2.27741e-21
3.70353e-21
6.00767e-21
9.72099e-21
1.56902e-20
2.52616e-20
4.05703e-20
6.49935e-20
1.03859e-19
1.65552e-19
2.63232e-19
4.17501e-19
6.60526e-19
1.04241e-18
1.64096e-18
2.57676e-18
4.03611e-18
6.30619e-18
9.82845e-18
1.52798e-17
2.36954e-17
3.66543e-17
5.65588e-17
8.70543e-17
1.33658e-16
2.04697e-16
3.12712e-16
4.7653e-16
7.24355e-16
1.09831e-15
1.66118e-15
2.50622e-15
3.7717e-15
5.662e-15
8.47844e-15
1.26642e-14
1.88691e-14
2.8044e-14
4.15761e-14
6.1484e-14
9.06972e-14
1.33457e-13
1.95885e-13
2.86798e-13
4.18856e-13
6.10194e-13
8.86717e-13
1.28534e-12
1.8585e-12
2.68055e-12
3.85654e-12
5.53461e-12
7.92301e-12
1.13138e-11
1.61153e-11
2.28973e-11
3.24523e-11
4.58796e-11
6.47006e-11
9.10147e-11
1.27711e-10
1.78756e-10
2.49578e-10
3.47589e-10
4.82881e-10
6.69159e-10
9.24979e-10
1.27541e-09
1.75421e-09
2.40672e-09
3.29371e-09
4.49635e-09
6.12278e-09
8.3167e-09
1.12686e-08
1.523e-08
2.05326e-08
2.76124e-08
3.70406e-08
4.95641e-08
6.6156e-08
8.80818e-08
1.16982e-07
1.54975e-07
2.04796e-07
2.69958e-07
3.54964e-07
4.65572e-07
6.0912e-07
7.94939e-07
1.03485e-06
1.34381e-06
1.74065e-06
2.24906e-06
2.89869e-06
3.72665e-06
4.77914e-06
6.11357e-06
7.80107e-06
9.9295e-06
1.26071e-05
1.59668e-05
2.01713e-05
2.54193e-05
3.19528e-05
4.00653e-05
5.0112e-05
6.25215e-05
7.78093e-05
9.65934e-05
0.000119613
0.000147748
0.000182046
0.000223746
0.00027431
0.000335463
0.000409223
0.000497955
0.000604415
0.000731802
0.000883826
0.00106477
0.00127955
0.00153381
0.00183401
0.00218749
0.00260259
0.00308872
0.0036565
0.00431784
0.00508607
0.00597602
0.00700417
0.0081887
0.00954966
0.011109
0.0128907
0.0149208
0.0172275
0.0198411
0.0227942
0.0261214
0.0298596
0.0340475
0.0387258
0.0439369
0.0497249
0.0561348
0.0632127
0.0710054
0.0795595
0.0889216
0.0991373
0.110251
0.122303
0.135335
0.149382
0.164474
0.18064
0.197899
0.216265
0.235746
0.25634
0.278037
0.300818
0.324652
0.349501
0.375311
0.402021
0.429557
0.457833
0.486752
0.516206
0.546074
0.576229
0.606531
0.636832
0.666977
0.696805
0.726149
0.75484
0.782705
0.809572
0.83527
0.859633
0.882497
0.903707
0.923116
0.940588
0.955997
0.969233
0.980199
0.988813
0.995012
0.998751
1
0.998751
0.995012
0.988813
0.980199
0.969233
0.955997
0.940588
0.923116
0.903707
0.882497
0.859633
0.83527
0.809572
0.782705
0.75484
0.726149
0.696805
0.666977
0.636832
0.606531
0.576229
0.546074
0.516206
0.486752
0.457833
0.429557
0.402021
0.375311
0.349501
0.324652
0.300818
0.278037
0.25634
0.235746
0.216265
0.197899
0.18064
0.164474
0.149382
0.135335
0.122303
0.110251
0.0991373
0.0889216
0.0795595
0.0710054
0.0632127
0.0561348
0.0497249
0.0439369
0.0387258
0.0340475
0.0298596
0.0261214
0.0227942
0.0198411
0.0172275
0.0149208
0.0128907
0.011109
0.00954966
0.0081887
0.00700417
0.00597602
0.00508607
0.00431784
0.0036565
0.00308872
0.00260259
0.00218749
0.00183401
0.00153381
0.00127955
0.00106477
0.000883826
0.000731802
0.000604415
0.000497955
0.000409223
0.000335463
0.00027431
0.000223746
0.000182046
0.000147748
0.000119613
9.65934e-05
7.78093e-05
6.25215e-05
5.0112e-05
4.00653e-05
3.19528e-05
2.54193e-05
2.01713e-05
1.59668e-05
1.26071e-05
9.9295e-06
7.80107e-06
6.11357e-06
4.77914e-06
3.72665e-06
2.89869e-06
2.24906e-06
1.74065e-06
1.34381e-06
1.03485e-06
7.94939e-07
6.0912e-07
4.65572e-07
3.54964e-07
2.69958e-07
2.04796e-07
1.54975e-07
1.16982e-07
8.80818e-08
6.6156e-08
4.95641e-08
3.70406e-08
2.76124e-08
2.05326e-08
1.523e-08
1.12686e-08
8.3167e-09
6.12278e-09
4.49635e-09
3.29371e-09
2.40672e-09
1.75421e-09
1.27541e-09
9.24979e-10
6.69159e-10
4.82881e-10
3.47589e-10
2.49578e-10
1.78756e-10
1.27711e-10
9.10147e-11
6.47006e-11
4.58796e-11
3.24523e-11
2.28973e-11
1.61153e-11
1.13138e-11
7.92301e-12
5.53461e-12
3.85654e-12
2.68055e-12
1.8585e-12
1.28534e-12
8.86717e-13
6.10194e-13
4.18856e-13
2.86798e-13
1.95885e-13
1.33457e-13
9.06972e-14
6.1484e-14
4.15761e-14
2.8044e-14
1.88691e-14
1.26642e-14
8.47844e-15
5.662e-15
3.7717e-15
2.50622e-15
1.66118e-15
1.09831e-15
7.24355e-16
4.7653e-16
3.12712e-16
2.04697e-16
1.33658e-16
8.70543e-17
5.65588e-17
3.66543e-17
2.36954e-17
1.52798e-17
9.82845e-18
6.30619e-18
4.03611e-18
2.57676e-18
1.64096e-18
1.04241e-18
6.60526e-19
4.17501e-19
2.63232e-19
1.65552e-19
1.03859e-19
6.49935e-20
4.05703e-20
2.52616e-20
1.56902e-20
9.72099e-21
6.00767e-21
3.70353e-21
2.27741e-21
1.39694e-21
8.54736e-22
5.21674e-22
3.176e-22
1.92875e-22
1.16838e-22
7.06009e-23
4.25548e-23
2.55859e-23
1.5345e-23
9.18014e-24
5.47829e-24
3.26103e-24
1.93633e-24
1.14688e-24
6.77593e-25
3.99334e-25
2.34756e-25
1.37661e-25
8.05234e-26
4.69835e-26
2.73454e-26
1.58758e-26
9.19397e-27
5.31109e-27
3.06041e-27
1.75909e-27
1.00858e-27
5.76833e-28
3.29081e-28
1.8727e-28
1.06304e-28
6.01928e-29
3.3998e-29
1.91548e-29
1.0765e-29
6.03486e-30
3.37469e-30
1.88241e-30
1.04739e-30
5.81324e-31
3.21841e-31
1.77738e-31
9.79109e-32
5.38019e-32
2.94902e-32
1.6124e-32
8.7939e-33
4.78415e-33
2.59622e-33
1.40538e-33
7.58857e-34
4.08733e-34
2.19601e-34
1.17691e-34
6.29168e-35
3.35509e-35
1.78466e-35
9.46938e-36
5.01189e-36
2.64604e-36
1.39349e-36
7.32028e-37
3.83588e-37
2.00501e-37
1.0454e-37
5.43703e-38
2.8207e-38
1.4597e-38
7.53507e-39
3.87994e-39
1.99286e-39
1.02104e-39
5.21821e-40
2.66021e-40
1.35277e-40
6.86193e-41
3.47203e-41
1.7524e-41
8.82266e-42
4.43077e-42
2.21959e-42
1.10913e-42
5.52846e-43
2.74879e-43
1.3633e-43
6.74461e-44
3.32841e-44
1.63844e-44
8.04523e-45
3.94058e-45
1.92529e-45
9.38314e-46
4.56156e-46
2.21204e-46
1.07001e-46
5.1629e-47
2.48494e-47
1.19303e-47
5.71352e-48
2.72941e-48
1.30061e-48
6.18217e-49
2.93122e-49
1.38634e-49
6.54044e-50
3.07792e-50
1.44485e-50
6.76552e-51
3.16006e-51
1.47232e-51
6.84265e-52
3.1722e-52
1.46693e-52
6.76668e-53
3.11354e-53
1.42905e-53
6.54267e-54
2.98797e-54
1.36117e-54
6.18533e-55
2.80367e-55
1.26767e-55
5.71741e-56
2.57221e-56
1.15432e-56
5.1673e-57
2.30735e-57
1.02773e-57
4.56622e-58
2.02372e-58
8.94657e-59
3.94528e-59
1.73546e-59
7.61489e-60
3.33294e-60
1.45515e-60
6.33722e-61
2.753e-61
1.19296e-61
5.15659e-62
2.22337e-62
9.56261e-63
4.10256e-63
1.75569e-63
7.4947e-64
3.19136e-64
1.35553e-64
5.74328e-65
2.4273e-65
1.0233e-65
4.30323e-66
1.8051e-66
7.55305e-67
3.15252e-67
1.31252e-67
5.45093e-68
2.25813e-68
9.33127e-69
3.84634e-69
1.5815e-69
6.48639e-70
2.6537e-70
1.08297e-70
4.40853e-71
1.79014e-71
7.25091e-72
2.92963e-72
1.18072e-72
4.74676e-73
1.90353e-73
7.61444e-74
3.0383e-74
1.20931e-74
4.80128e-75
1.90148e-75
7.51174e-76
2.96008e-76
1.16354e-76
4.56219e-77
1.78435e-77
6.96145e-78
2.70916e-78
1.05168e-78
4.07236e-79
1.57298e-79
6.06059e-80
2.32928e-80
8.92979e-81
3.41488e-81
1.30264e-81
4.95664e-82
1.88133e-82
7.12288e-83
2.69006e-83
1.0134e-83
3.80817e-84
1.42746e-84
5.33737e-85
1.99069e-85
7.4062e-86
2.74853e-86
1.01747e-86
3.75712e-87
1.3839e-87
5.08471e-88
1.86356e-88
6.81294e-89
2.4845e-89
9.03773e-90
3.27939e-90
1.18698e-90
4.28553e-91
1.54341e-91
5.54462e-92
1.98691e-92
7.10226e-93
2.53239e-93
9.00697e-94
3.19552e-94
1.13088e-94
3.99217e-95
1.40577e-95
4.9378e-96
1.73008e-96
6.04665e-97
2.10803e-97
7.33083e-98
2.54299e-98
8.79932e-99
3.03716e-99
1.04569e-99
3.59128e-100
1.2303e-100
4.20424e-101
1.43311e-101
4.87285e-102
1.65273e-102
5.5916e-103
1.88705e-103
6.35251e-104
2.13315e-104
7.14516e-105
2.38735e-105
7.95674e-106
2.64526e-106
8.77235e-107
2.90187e-107
9.57533e-108
3.15169e-108
1.03478e-108
3.38897e-109
1.10713e-109
3.60784e-110
1.17276e-110
3.80264e-111
1.22992e-111
3.96807e-112
1.27702e-112
4.0995e-113
1.31274e-113
4.19314e-114
1.33603e-114
4.24625e-115
1.3462e-115
4.25724e-116
1.34295e-116
4.22579e-117
1.32638e-117
4.15283e-118
1.29698e-118
4.04053e-119
1.25562e-119
3.89215e-120
1.20347e-120
3.71191e-121
1.14202e-121
3.50479e-122
1.07292e-122
3.27631e-123
9.97969e-124
3.03224e-124
9.19019e-125
2.77843e-125
8.37894e-126
2.52054e-126
7.56329e-127
2.26383e-127
6.75911e-128
2.01303e-128
5.98034e-129
1.77221e-129
5.23864e-130
1.54467e-130
4.54327e-131
1.33295e-131
3.901e-132
1.13881e-132
3.31619e-133
9.63259e-134
2.79101e-134
8.06664e-135
2.32562e-135
6.68805e-136
1.91856e-136
5.48989e-137
1.56699e-137
4.46153e-138
1.26712e-138
3.58973e-139
1.01443e-139
2.85955e-140
8.04056e-141
2.25522e-141
6.30967e-142
1.76091e-142
