0
0.19509
0.382683
0.55557
0.707107
0.83147
0.92388
0.980785
1
0.980785
0.92388
0.83147
0.707107
0.55557
0.382683
0.19509
1.22465e-16
-0.19509
-0.382683
-0.55557
-0.707107
-0.83147
-0.92388
-0.980785
-1
-0.980785
-0.92388
-0.83147
-0.707107
-0.55557
-0.382683
-0.19509
-2.44929e-16
0.19509
0.382683
0.55557
0.707107
0.83147
0.92388
0.980785
1
0.980785
0.92388
0.83147
0.707107
0.55557
0.382683
0.19509
3.67394e-16
-0.19509
-0.382683
-0.55557
-0.707107
-0.83147
-0.92388
-0.980785
-1
-0.980785
-0.92388
-0.83147
-0.707107
-0.55557
-0.382683
-0.19509
-4.89859e-16
0.19509
0.382683
0.55557
0.707107
0.83147
0.92388
0.980785
1
0.980785
0.92388
0.83147
0.707107
0.55557
0.382683
0.19509
6.12323e-16
-0.19509
-0.382683
-0.55557
-0.707107
-0.83147
-0.92388
-0.980785
-1
-0.980785
-0.92388
-0.83147
-0.707107
-0.55557
-0.382683
-0.19509
-7.34788e-16
0.19509
0.382683
0.55557
0.707107
0.83147
0.92388
0.980785
1
0.980785
0.92388
0.83147
0.707107
0.55557
0.382683
0.19509
8.57253e-16
-0.19509
-0.382683
-0.55557
-0.707107
-0.83147
-0.92388
-0.980785
-1
-0.980785
-0.92388
-0.83147
-0.707107
-0.55557
-0.382683
-0.19509
-9.79717e-16
0.19509
0.382683
0.55557
0.707107
0.83147
0.92388
0.980785
1
0.980785
0.92388
0.83147
0.707107
0.55557
0.382683
0.19509
1.10218e-15
-0.19509
-0.382683
-0.55557
-0.707107
-0.83147
-0.92388
-0.980785
-1
-0.980785
-0.92388
-0.83147
-0.707107
-0.55557
-0.382683
-0.19509
-1.22465e-15
0.19509
0.382683
0.55557
0.707107
0.83147
0.92388
0.980785
1
0.980785
0.92388
0.83147
0.707107
0.55557
0.382683
0.19509
4.89983e-15
-0.19509
-0.382683
-0.55557
-0.707107
-0.83147
-0.92388
-0.980785
-1
-0.980785
-0.92388
-0.83147
-0.707107
-0.55557
-0.382683
-0.19509
-1.46958e-15
0.19509
0.382683
0.55557
0.707107
0.83147
0.92388
0.980785
1
0.980785
0.92388
0.83147
0.707107
0.55557
0.382683
0.19509
-1.96067e-15
-0.19509
-0.382683
-0.55557
-0.707107
-0.83147
-0.92388
-0.980785
-1
-0.980785
-0.92388
-0.83147
-0.707107
-0.55557
-0.382683
-0.19509
-1.71451e-15
0.19509
0.382683
0.55557
0.707107
0.83147
0.92388
0.980785
1
0.980785
0.92388
0.83147
0.707107
0.55557
0.382683
0.19509
5.38968e-15
-0.19509
-0.382683
-0.55557
-0.707107
-0.83147
-0.92388
-0.980785
-1
-0.980785
-0.92388
-0.83147
-0.707107
-0.55557
-0.382683
-0.19509
